function generar_boxplot(data_1,data_2,data_3,x1,x2,x3)

%Colores
N = [0.7451    0.9686    0.9569];
I = [0.9804    0.7451    0.8902];
A = [ 0.7961    0.9608    0.6824];


end 
